106249
106208
103625
103296
103932
105798
104858
105312
102950
105871
105294
105652
106063
106244
105432
102479
103177
103239
105709
106223
106336
105251
105152
105779
106129
103967
105888
104719
103468
106186
106257
106475
102940
103212
105955
106256
105280
103710
106296
104816
105082
105403
106158
106252
106133
105947
104782
106225
105878
105787
103210
104662
106031
105412
105071
104374
102989
106093
103250
103605
102547
104667
106250
104426
104846
105227
103617
102981
106050
103850
102929
103768
104471
106097
106343
103766
102781
105856
105532
106064
105884
102603
103219
103698
106523
105772
105964
106117
106285
102566
104246
103007
102834
106130
105400
103149
102724
104614
105427
102691
105179
104026
106049
105887
106486
106344
106399
103939
103573
106214
104742
103554
103264
104147
104699
103997
104670
106248
104833
106350
102729
105389
103146
104861
105943
103173
103191
102542
103197
103825
104786
104981
103161
105172
105900
103083
103772
102946
104527
102912
103286
106477
105680
104084
106446
102592
106112
105861
106408
104677
105116
106005
103534
104300
106099
104384
103779
105739
103052
104013
106042
106116
104079
103106
105855
104651
102817
105484
106453
102663
103241
106302
103945
105778
103558
104986
103502
103198
104556
104143
103283
105948
104296
103847
104679
106196
103319
103796
106052
103045
106109
104407
103572
102063
106166
105908
105443
102944
106388
105841
104271
103458
102794
103123
104574
105926
106549
104045
105528
105523
103104
106537
103262
102793
104043
104760
104197
106096
105886
106404
104415
102771
103834
102609
105983
103951
105862
106521
104869
106382
103055
102920
104505
105771
103578
104927
105330
102966
104241
106142
106114
104895
104277
105994
102919
103102
103341
105922
104335
106253
105018
103242
103312
102910
103561
105274
105776
106558
103890
105182
106220
106432
103990
102770
105138
103592
104954
103657
104547
103562
105868
102572
104736
103163
105230
106545
103196
106059
102773
103950
105765
103258
105095
105150
103399
104720
102947
104031
105345
104512
106180
104276
104008
102931
106276
103364
105335
105566
103062
104136
102945
104307
106125
105931
102756
103354
104618
104046
106016
102913
105952
103949
105986
103767
103252
103414
103217
105444
104653
102986
103391
105677
103808
105725
103537
106027
103577
103288
102844
103183
103654
106467
103126
104424
105902
102769
105694
102692
105324
105670
102926
103164
105942
105958
104982
106259
104825
102491
106170
105932
105766
105842
103512
104659
105309
106337
103108
103363
106062
102748
104252
105285
103002
103433
103851
104957
106418
106238
106386
102982
104284
105873
106033
106188
105266
106056
105256
104065
104341
102611
104784
102687
104380
104230
104850
104211
105171
103777
104953
106184
104709
103965
106427
103174
106191
104024
105154
102825
106254
104674
103310
105793
103260
104166
105625
103187
103329
103457
106381
104883
105115
103109
102673
103790
103660
104602
103299
104455
106438
105959
105267
103147
105159
104198
103714
104834
102766
104400
104194
105936
103486
103001
103271
103987
106157
105923
105827
103168
103206
106417
106288
102841
102842
106532
106342
106373
105333
103520
105676
103438
103094
106498
102939
104218
104295
106281
105762
105521
105468
102780
103707
103697
103044
102762
105346
104476
102626
103071
104472
103166
104882
105257
103202
106263
105892
106384
106172
103678
103220
103323
105537
105547
103518
105550
106387
106294
105775
103008
103450
102712
102708
102354
103259
103321
106548
104575
105543
105780
106406
103160
102706
105854
104248
106464
106462
103189
104250
105904
106546
105338
106268
103302
104701
103706
104117
106234
102909
103029
103780
103075
102751
106211
104672
105069
103063
103600
106029
103253
106206
105214
105635
105996
106118
103016
106111
103999
103618
104018
104735
105724
105404
104808
105407
106007
103342
102660
103170
105490
103326
106143
103489
104521
105030
103831
105898
104762
103797
103409
102995
105810
105874
105826
105911
106098
106539
106312
102669
106177
103350
103661
103900
103117
102591
